(kicad_pcb (version 20171130) (host pcbnew "(5.1.10)-1")

  (general
    (thickness 1.6)
    (drawings 16)
    (tracks 165)
    (zones 0)
    (modules 27)
    (nets 11)
  )

  (page A4)
  (layers
    (0 F.Cu signal)
    (31 B.Cu signal)
    (32 B.Adhes user)
    (33 F.Adhes user)
    (34 B.Paste user)
    (35 F.Paste user)
    (36 B.SilkS user)
    (37 F.SilkS user)
    (38 B.Mask user)
    (39 F.Mask user)
    (40 Dwgs.User user)
    (41 Cmts.User user)
    (42 Eco1.User user)
    (43 Eco2.User user)
    (44 Edge.Cuts user)
    (45 Margin user)
    (46 B.CrtYd user)
    (47 F.CrtYd user)
    (48 B.Fab user)
    (49 F.Fab user hide)
  )

  (setup
    (last_trace_width 0.1651)
    (trace_clearance 0.1651)
    (zone_clearance 0.254)
    (zone_45_only no)
    (trace_min 0.1524)
    (via_size 0.5)
    (via_drill 0.3)
    (via_min_size 0.4)
    (via_min_drill 0.3)
    (uvia_size 0.3)
    (uvia_drill 0.1)
    (uvias_allowed no)
    (uvia_min_size 0.2)
    (uvia_min_drill 0.1)
    (edge_width 0.05)
    (segment_width 0.2)
    (pcb_text_width 0.3)
    (pcb_text_size 1.5 1.5)
    (mod_edge_width 0.12)
    (mod_text_size 1 1)
    (mod_text_width 0.15)
    (pad_size 1.524 1.524)
    (pad_drill 0.762)
    (pad_to_mask_clearance 0)
    (aux_axis_origin 0 0)
    (visible_elements 7FFFFFFF)
    (pcbplotparams
      (layerselection 0x00010_7ffffffe)
      (usegerberextensions true)
      (usegerberattributes true)
      (usegerberadvancedattributes true)
      (creategerberjobfile false)
      (excludeedgelayer false)
      (linewidth 0.100000)
      (plotframeref false)
      (viasonmask false)
      (mode 1)
      (useauxorigin false)
      (hpglpennumber 1)
      (hpglpenspeed 20)
      (hpglpendiameter 15.000000)
      (psnegative false)
      (psa4output false)
      (plotreference true)
      (plotvalue true)
      (plotinvisibletext false)
      (padsonsilk false)
      (subtractmaskfromsilk true)
      (outputformat 3)
      (mirror false)
      (drillshape 2)
      (scaleselection 1)
      (outputdirectory "dxf"))
  )

  (net 0 "")
  (net 1 GND)
  (net 2 /Vout)
  (net 3 /Vin)
  (net 4 "Net-(C16-Pad2)")
  (net 5 /EN)
  (net 6 /PG)
  (net 7 "Net-(R1-Pad1)")
  (net 8 "Net-(R2-Pad1)")
  (net 9 /VO)
  (net 10 /SW)

  (net_class Default "This is the default net class."
    (clearance 0.1651)
    (trace_width 0.1651)
    (via_dia 0.5)
    (via_drill 0.3)
    (uvia_dia 0.3)
    (uvia_drill 0.1)
    (add_net /EN)
    (add_net /PG)
    (add_net "Net-(C16-Pad2)")
    (add_net "Net-(R1-Pad1)")
    (add_net "Net-(R2-Pad1)")
  )

  (net_class Power ""
    (clearance 0.1651)
    (trace_width 0.3)
    (via_dia 0.8)
    (via_drill 0.4)
    (uvia_dia 0.3)
    (uvia_drill 0.1)
    (add_net /SW)
    (add_net /VO)
    (add_net /Vin)
    (add_net /Vout)
    (add_net GND)
  )

  (module TPS6291x:TPS6291x (layer F.Cu) (tedit 613BF7D0) (tstamp 613C5A48)
    (at 32.227 28.448 270)
    (path /6138B7E9)
    (attr smd)
    (fp_text reference U1 (at -0.127 -1.905 270 unlocked) (layer F.SilkS)
      (effects (font (size 0.9144 0.9144) (thickness 0.1524)))
    )
    (fp_text value TPS62913 (at 0 2.2 270 unlocked) (layer F.Fab) hide
      (effects (font (size 1 1) (thickness 0.15)))
    )
    (fp_line (start -1 1) (end -1 -1) (layer F.Fab) (width 0.12))
    (fp_line (start -1 -1) (end 1 -1) (layer F.Fab) (width 0.12))
    (fp_line (start 1 -1) (end 1 1) (layer F.Fab) (width 0.12))
    (fp_line (start 1 1) (end -1 1) (layer F.Fab) (width 0.12))
    (fp_line (start 0.5 -1.25) (end 1.25 -1.25) (layer F.SilkS) (width 0.1524))
    (fp_line (start 1.25 -1.25) (end 1.25 -0.5) (layer F.SilkS) (width 0.1524))
    (fp_line (start 1.25 0.5) (end 1.25 1.25) (layer F.SilkS) (width 0.1524))
    (fp_line (start 1.25 1.25) (end 0.5 1.25) (layer F.SilkS) (width 0.1524))
    (fp_line (start -0.5 1.25) (end -1.25 1.25) (layer F.SilkS) (width 0.1524))
    (fp_line (start -1.25 1.25) (end -1.25 0.5) (layer F.SilkS) (width 0.1524))
    (fp_line (start -1.25 -0.5) (end -1.25 -1.25) (layer F.SilkS) (width 0.1524))
    (fp_line (start -1.25 -1.25) (end -0.5 -1.25) (layer F.SilkS) (width 0.1524))
    (fp_circle (center -1.45 -0.25) (end -1.405 -0.25) (layer F.SilkS) (width 0.2))
    (fp_line (start -1.5 -1.5) (end -1.5 1.5) (layer F.CrtYd) (width 0.05))
    (fp_line (start -1.5 1.5) (end 1.5 1.5) (layer F.CrtYd) (width 0.05))
    (fp_line (start 1.5 1.5) (end 1.5 -1.5) (layer F.CrtYd) (width 0.05))
    (fp_line (start 1.5 -1.5) (end -1.5 -1.5) (layer F.CrtYd) (width 0.05))
    (fp_text user REF** (at 0 0.05) (layer F.Fab)
      (effects (font (size 0.5 0.5) (thickness 0.125)))
    )
    (pad 10 smd roundrect (at -0.75 -0.925 270) (size 0.25 0.55) (layers F.Cu F.Paste F.Mask) (roundrect_rratio 0.25)
      (net 7 "Net-(R1-Pad1)"))
    (pad 9 smd roundrect (at -0.25 -0.925 270) (size 0.25 0.55) (layers F.Cu F.Paste F.Mask) (roundrect_rratio 0.25)
      (net 8 "Net-(R2-Pad1)"))
    (pad 8 smd roundrect (at 0.25 -0.925 270) (size 0.25 0.55) (layers F.Cu F.Paste F.Mask) (roundrect_rratio 0.25)
      (net 4 "Net-(C16-Pad2)"))
    (pad 7 smd roundrect (at 0.75 -0.925 270) (size 0.25 0.55) (layers F.Cu F.Paste F.Mask) (roundrect_rratio 0.25)
      (net 1 GND))
    (pad 6 smd roundrect (at 0.7 -0.25 270) (size 1 0.2) (layers F.Cu F.Paste F.Mask) (roundrect_rratio 0.25)
      (net 3 /Vin))
    (pad 4 smd roundrect (at 0.7 0.75 270) (size 1 0.2) (layers F.Cu F.Paste F.Mask) (roundrect_rratio 0.25)
      (net 1 GND))
    (pad 5 smd roundrect (at 0.875 0.25 270) (size 0.65 0.2) (layers F.Cu F.Paste F.Mask) (roundrect_rratio 0.25)
      (net 6 /PG))
    (pad 3 smd roundrect (at -0.875 0.75 270) (size 0.65 0.2) (layers F.Cu F.Paste F.Mask) (roundrect_rratio 0.25)
      (net 9 /VO))
    (pad 2 smd roundrect (at -0.7 0.25 270) (size 1 0.2) (layers F.Cu F.Paste F.Mask) (roundrect_rratio 0.25)
      (net 10 /SW))
    (pad 1 smd roundrect (at -0.875 -0.25 270) (size 0.65 0.2) (layers F.Cu F.Paste F.Mask) (roundrect_rratio 0.25)
      (net 5 /EN))
    (model ${KIPRJMOD}/3d/7-VQFN-HR.STEP
      (at (xyz 0 0 0))
      (scale (xyz 1 1 1))
      (rotate (xyz -90 0 0))
    )
  )

  (module passive_parts:VR_3362P-1 (layer F.Cu) (tedit 613BF6AA) (tstamp 613C78EE)
    (at 38.069 34.925 180)
    (path /613B2B80)
    (attr smd)
    (fp_text reference RV1 (at -2.931 4.675 90) (layer F.SilkS)
      (effects (font (size 0.8128 0.8128) (thickness 0.1524)))
    )
    (fp_text value 10k (at 0 4.3 180 unlocked) (layer F.SilkS) hide
      (effects (font (size 0.9144 0.9144) (thickness 0.1524)))
    )
    (fp_circle (center 3.6 -3.8) (end 3.7 -3.8) (layer F.SilkS) (width 0.2))
    (fp_line (start 3.3 -3.53) (end -3.3 -3.53) (layer F.SilkS) (width 0.15))
    (fp_line (start 3.3 3.46) (end 3.3 -3.53) (layer F.SilkS) (width 0.15))
    (fp_line (start -3.3 3.46) (end 3.3 3.46) (layer F.SilkS) (width 0.15))
    (fp_line (start -3.3 -3.53) (end -3.3 3.46) (layer F.SilkS) (width 0.15))
    (pad 1 thru_hole circle (at 2.54 0 180) (size 1.397 1.397) (drill 0.8128) (layers *.Cu *.Mask)
      (net 2 /Vout))
    (pad 2 thru_hole circle (at 0 2.54 180) (size 1.397 1.397) (drill 0.8128) (layers *.Cu *.Mask)
      (net 8 "Net-(R2-Pad1)"))
    (pad 3 thru_hole circle (at -2.54 0 180) (size 1.397 1.397) (drill 0.8128) (layers *.Cu *.Mask))
    (model ${KIPRJMOD}/3d/3362P-1.STEP
      (at (xyz 0 0 0))
      (scale (xyz 1 1 1))
      (rotate (xyz -90 0 180))
    )
  )

  (module passive_parts:C_0603 (layer F.Cu) (tedit 6139EEF8) (tstamp 613C58A9)
    (at 29.941 28.448 270)
    (descr "Capacitor SMD 0603, reflow soldering, AVX (see smccp.pdf)")
    (tags "capacitor 0603")
    (path /613B66B5)
    (attr smd)
    (fp_text reference C1 (at 2.032 0 90) (layer F.SilkS)
      (effects (font (size 0.9144 0.9144) (thickness 0.1524)))
    )
    (fp_text value 10u (at 0 1.5 90) (layer F.Fab) hide
      (effects (font (size 1 1) (thickness 0.15)))
    )
    (fp_line (start 1.4 0.65) (end -1.4 0.65) (layer F.CrtYd) (width 0.05))
    (fp_line (start 1.4 0.65) (end 1.4 -0.65) (layer F.CrtYd) (width 0.05))
    (fp_line (start -1.4 -0.65) (end -1.4 0.65) (layer F.CrtYd) (width 0.05))
    (fp_line (start -1.4 -0.65) (end 1.4 -0.65) (layer F.CrtYd) (width 0.05))
    (fp_line (start 0.35 0.4476) (end -0.35 0.4476) (layer F.SilkS) (width 0.12))
    (fp_line (start -0.35 -0.4476) (end 0.35 -0.4476) (layer F.SilkS) (width 0.12))
    (fp_line (start -0.8 -0.4) (end 0.8 -0.4) (layer F.Fab) (width 0.1))
    (fp_line (start 0.8 -0.4) (end 0.8 0.4) (layer F.Fab) (width 0.1))
    (fp_line (start 0.8 0.4) (end -0.8 0.4) (layer F.Fab) (width 0.1))
    (fp_line (start -0.8 0.4) (end -0.8 -0.4) (layer F.Fab) (width 0.1))
    (fp_text user %R (at 0 0 90) (layer F.Fab) hide
      (effects (font (size 0.3 0.3) (thickness 0.075)))
    )
    (pad 2 smd rect (at 0.75 0 270) (size 0.8 0.75) (layers F.Cu F.Paste F.Mask)
      (net 1 GND))
    (pad 1 smd rect (at -0.75 0 270) (size 0.8 0.75) (layers F.Cu F.Paste F.Mask)
      (net 9 /VO))
    (model ${KIPRJMOD}/3d/C_0603_1608Metric.step
      (at (xyz 0 0 0))
      (scale (xyz 1 1 1))
      (rotate (xyz 0 0 0))
    )
  )

  (module passive_parts:C_0603 (layer F.Cu) (tedit 6139EEF8) (tstamp 613C58BA)
    (at 28.544 28.448 270)
    (descr "Capacitor SMD 0603, reflow soldering, AVX (see smccp.pdf)")
    (tags "capacitor 0603")
    (path /613B9076)
    (attr smd)
    (fp_text reference C2 (at 2.032 0 90) (layer F.SilkS)
      (effects (font (size 0.9144 0.9144) (thickness 0.1524)))
    )
    (fp_text value 10u (at 0 1.5 90) (layer F.Fab) hide
      (effects (font (size 1 1) (thickness 0.15)))
    )
    (fp_line (start 1.4 0.65) (end -1.4 0.65) (layer F.CrtYd) (width 0.05))
    (fp_line (start 1.4 0.65) (end 1.4 -0.65) (layer F.CrtYd) (width 0.05))
    (fp_line (start -1.4 -0.65) (end -1.4 0.65) (layer F.CrtYd) (width 0.05))
    (fp_line (start -1.4 -0.65) (end 1.4 -0.65) (layer F.CrtYd) (width 0.05))
    (fp_line (start 0.35 0.4476) (end -0.35 0.4476) (layer F.SilkS) (width 0.12))
    (fp_line (start -0.35 -0.4476) (end 0.35 -0.4476) (layer F.SilkS) (width 0.12))
    (fp_line (start -0.8 -0.4) (end 0.8 -0.4) (layer F.Fab) (width 0.1))
    (fp_line (start 0.8 -0.4) (end 0.8 0.4) (layer F.Fab) (width 0.1))
    (fp_line (start 0.8 0.4) (end -0.8 0.4) (layer F.Fab) (width 0.1))
    (fp_line (start -0.8 0.4) (end -0.8 -0.4) (layer F.Fab) (width 0.1))
    (fp_text user %R (at 0 0 90) (layer F.Fab) hide
      (effects (font (size 0.3 0.3) (thickness 0.075)))
    )
    (pad 2 smd rect (at 0.75 0 270) (size 0.8 0.75) (layers F.Cu F.Paste F.Mask)
      (net 1 GND))
    (pad 1 smd rect (at -0.75 0 270) (size 0.8 0.75) (layers F.Cu F.Paste F.Mask)
      (net 9 /VO))
    (model ${KIPRJMOD}/3d/C_0603_1608Metric.step
      (at (xyz 0 0 0))
      (scale (xyz 1 1 1))
      (rotate (xyz 0 0 0))
    )
  )

  (module passive_parts:C_0603 (layer F.Cu) (tedit 6139EEF8) (tstamp 613C58CB)
    (at 27.147 28.448 270)
    (descr "Capacitor SMD 0603, reflow soldering, AVX (see smccp.pdf)")
    (tags "capacitor 0603")
    (path /613B9AF9)
    (attr smd)
    (fp_text reference C3 (at 2.032 0 90) (layer F.SilkS)
      (effects (font (size 0.9144 0.9144) (thickness 0.1524)))
    )
    (fp_text value 10u (at 0 1.5 90) (layer F.Fab) hide
      (effects (font (size 1 1) (thickness 0.15)))
    )
    (fp_line (start -0.8 0.4) (end -0.8 -0.4) (layer F.Fab) (width 0.1))
    (fp_line (start 0.8 0.4) (end -0.8 0.4) (layer F.Fab) (width 0.1))
    (fp_line (start 0.8 -0.4) (end 0.8 0.4) (layer F.Fab) (width 0.1))
    (fp_line (start -0.8 -0.4) (end 0.8 -0.4) (layer F.Fab) (width 0.1))
    (fp_line (start -0.35 -0.4476) (end 0.35 -0.4476) (layer F.SilkS) (width 0.12))
    (fp_line (start 0.35 0.4476) (end -0.35 0.4476) (layer F.SilkS) (width 0.12))
    (fp_line (start -1.4 -0.65) (end 1.4 -0.65) (layer F.CrtYd) (width 0.05))
    (fp_line (start -1.4 -0.65) (end -1.4 0.65) (layer F.CrtYd) (width 0.05))
    (fp_line (start 1.4 0.65) (end 1.4 -0.65) (layer F.CrtYd) (width 0.05))
    (fp_line (start 1.4 0.65) (end -1.4 0.65) (layer F.CrtYd) (width 0.05))
    (fp_text user %R (at 0 0 90) (layer F.Fab) hide
      (effects (font (size 0.3 0.3) (thickness 0.075)))
    )
    (pad 1 smd rect (at -0.75 0 270) (size 0.8 0.75) (layers F.Cu F.Paste F.Mask)
      (net 9 /VO))
    (pad 2 smd rect (at 0.75 0 270) (size 0.8 0.75) (layers F.Cu F.Paste F.Mask)
      (net 1 GND))
    (model ${KIPRJMOD}/3d/C_0603_1608Metric.step
      (at (xyz 0 0 0))
      (scale (xyz 1 1 1))
      (rotate (xyz 0 0 0))
    )
  )

  (module passive_parts:C_0603 (layer F.Cu) (tedit 6139EEF8) (tstamp 613C58DC)
    (at 25.75 28.448 270)
    (descr "Capacitor SMD 0603, reflow soldering, AVX (see smccp.pdf)")
    (tags "capacitor 0603")
    (path /613B9B04)
    (attr smd)
    (fp_text reference C4 (at 2.032 0 90) (layer F.SilkS)
      (effects (font (size 0.9144 0.9144) (thickness 0.1524)))
    )
    (fp_text value 10u (at 0 1.5 90) (layer F.Fab) hide
      (effects (font (size 1 1) (thickness 0.15)))
    )
    (fp_line (start 1.4 0.65) (end -1.4 0.65) (layer F.CrtYd) (width 0.05))
    (fp_line (start 1.4 0.65) (end 1.4 -0.65) (layer F.CrtYd) (width 0.05))
    (fp_line (start -1.4 -0.65) (end -1.4 0.65) (layer F.CrtYd) (width 0.05))
    (fp_line (start -1.4 -0.65) (end 1.4 -0.65) (layer F.CrtYd) (width 0.05))
    (fp_line (start 0.35 0.4476) (end -0.35 0.4476) (layer F.SilkS) (width 0.12))
    (fp_line (start -0.35 -0.4476) (end 0.35 -0.4476) (layer F.SilkS) (width 0.12))
    (fp_line (start -0.8 -0.4) (end 0.8 -0.4) (layer F.Fab) (width 0.1))
    (fp_line (start 0.8 -0.4) (end 0.8 0.4) (layer F.Fab) (width 0.1))
    (fp_line (start 0.8 0.4) (end -0.8 0.4) (layer F.Fab) (width 0.1))
    (fp_line (start -0.8 0.4) (end -0.8 -0.4) (layer F.Fab) (width 0.1))
    (fp_text user %R (at 0 0 90) (layer F.Fab) hide
      (effects (font (size 0.3 0.3) (thickness 0.075)))
    )
    (pad 2 smd rect (at 0.75 0 270) (size 0.8 0.75) (layers F.Cu F.Paste F.Mask)
      (net 1 GND))
    (pad 1 smd rect (at -0.75 0 270) (size 0.8 0.75) (layers F.Cu F.Paste F.Mask)
      (net 9 /VO))
    (model ${KIPRJMOD}/3d/C_0603_1608Metric.step
      (at (xyz 0 0 0))
      (scale (xyz 1 1 1))
      (rotate (xyz 0 0 0))
    )
  )

  (module passive_parts:C_0603 (layer F.Cu) (tedit 6139EEF8) (tstamp 613C58ED)
    (at 24.353 28.448 270)
    (descr "Capacitor SMD 0603, reflow soldering, AVX (see smccp.pdf)")
    (tags "capacitor 0603")
    (path /613BA53A)
    (attr smd)
    (fp_text reference C5 (at 2.032 0 90) (layer F.SilkS)
      (effects (font (size 0.9144 0.9144) (thickness 0.1524)))
    )
    (fp_text value 10u (at 0 1.5 90) (layer F.Fab) hide
      (effects (font (size 1 1) (thickness 0.15)))
    )
    (fp_line (start -0.8 0.4) (end -0.8 -0.4) (layer F.Fab) (width 0.1))
    (fp_line (start 0.8 0.4) (end -0.8 0.4) (layer F.Fab) (width 0.1))
    (fp_line (start 0.8 -0.4) (end 0.8 0.4) (layer F.Fab) (width 0.1))
    (fp_line (start -0.8 -0.4) (end 0.8 -0.4) (layer F.Fab) (width 0.1))
    (fp_line (start -0.35 -0.4476) (end 0.35 -0.4476) (layer F.SilkS) (width 0.12))
    (fp_line (start 0.35 0.4476) (end -0.35 0.4476) (layer F.SilkS) (width 0.12))
    (fp_line (start -1.4 -0.65) (end 1.4 -0.65) (layer F.CrtYd) (width 0.05))
    (fp_line (start -1.4 -0.65) (end -1.4 0.65) (layer F.CrtYd) (width 0.05))
    (fp_line (start 1.4 0.65) (end 1.4 -0.65) (layer F.CrtYd) (width 0.05))
    (fp_line (start 1.4 0.65) (end -1.4 0.65) (layer F.CrtYd) (width 0.05))
    (fp_text user %R (at 0 0 90) (layer F.Fab) hide
      (effects (font (size 0.3 0.3) (thickness 0.075)))
    )
    (pad 1 smd rect (at -0.75 0 270) (size 0.8 0.75) (layers F.Cu F.Paste F.Mask)
      (net 9 /VO))
    (pad 2 smd rect (at 0.75 0 270) (size 0.8 0.75) (layers F.Cu F.Paste F.Mask)
      (net 1 GND))
    (model ${KIPRJMOD}/3d/C_0603_1608Metric.step
      (at (xyz 0 0 0))
      (scale (xyz 1 1 1))
      (rotate (xyz 0 0 0))
    )
  )

  (module passive_parts:C_0603 (layer F.Cu) (tedit 6139EEF8) (tstamp 613C58FE)
    (at 22.956 28.448 270)
    (descr "Capacitor SMD 0603, reflow soldering, AVX (see smccp.pdf)")
    (tags "capacitor 0603")
    (path /613BA545)
    (attr smd)
    (fp_text reference C6 (at 2.032 0 90) (layer F.SilkS)
      (effects (font (size 0.9144 0.9144) (thickness 0.1524)))
    )
    (fp_text value 10u (at 0 1.5 90) (layer F.Fab) hide
      (effects (font (size 1 1) (thickness 0.15)))
    )
    (fp_line (start 1.4 0.65) (end -1.4 0.65) (layer F.CrtYd) (width 0.05))
    (fp_line (start 1.4 0.65) (end 1.4 -0.65) (layer F.CrtYd) (width 0.05))
    (fp_line (start -1.4 -0.65) (end -1.4 0.65) (layer F.CrtYd) (width 0.05))
    (fp_line (start -1.4 -0.65) (end 1.4 -0.65) (layer F.CrtYd) (width 0.05))
    (fp_line (start 0.35 0.4476) (end -0.35 0.4476) (layer F.SilkS) (width 0.12))
    (fp_line (start -0.35 -0.4476) (end 0.35 -0.4476) (layer F.SilkS) (width 0.12))
    (fp_line (start -0.8 -0.4) (end 0.8 -0.4) (layer F.Fab) (width 0.1))
    (fp_line (start 0.8 -0.4) (end 0.8 0.4) (layer F.Fab) (width 0.1))
    (fp_line (start 0.8 0.4) (end -0.8 0.4) (layer F.Fab) (width 0.1))
    (fp_line (start -0.8 0.4) (end -0.8 -0.4) (layer F.Fab) (width 0.1))
    (fp_text user %R (at 0 0 90) (layer F.Fab) hide
      (effects (font (size 0.3 0.3) (thickness 0.075)))
    )
    (pad 2 smd rect (at 0.75 0 270) (size 0.8 0.75) (layers F.Cu F.Paste F.Mask)
      (net 1 GND))
    (pad 1 smd rect (at -0.75 0 270) (size 0.8 0.75) (layers F.Cu F.Paste F.Mask)
      (net 9 /VO))
    (model ${KIPRJMOD}/3d/C_0603_1608Metric.step
      (at (xyz 0 0 0))
      (scale (xyz 1 1 1))
      (rotate (xyz 0 0 0))
    )
  )

  (module passive_parts:C_0603 (layer F.Cu) (tedit 6139EEF8) (tstamp 613C590F)
    (at 21.559 28.448 270)
    (descr "Capacitor SMD 0603, reflow soldering, AVX (see smccp.pdf)")
    (tags "capacitor 0603")
    (path /613BA550)
    (attr smd)
    (fp_text reference C7 (at 2.032 0 90) (layer F.SilkS)
      (effects (font (size 0.9144 0.9144) (thickness 0.1524)))
    )
    (fp_text value 10u (at 0 1.5 90) (layer F.Fab) hide
      (effects (font (size 1 1) (thickness 0.15)))
    )
    (fp_line (start -0.8 0.4) (end -0.8 -0.4) (layer F.Fab) (width 0.1))
    (fp_line (start 0.8 0.4) (end -0.8 0.4) (layer F.Fab) (width 0.1))
    (fp_line (start 0.8 -0.4) (end 0.8 0.4) (layer F.Fab) (width 0.1))
    (fp_line (start -0.8 -0.4) (end 0.8 -0.4) (layer F.Fab) (width 0.1))
    (fp_line (start -0.35 -0.4476) (end 0.35 -0.4476) (layer F.SilkS) (width 0.12))
    (fp_line (start 0.35 0.4476) (end -0.35 0.4476) (layer F.SilkS) (width 0.12))
    (fp_line (start -1.4 -0.65) (end 1.4 -0.65) (layer F.CrtYd) (width 0.05))
    (fp_line (start -1.4 -0.65) (end -1.4 0.65) (layer F.CrtYd) (width 0.05))
    (fp_line (start 1.4 0.65) (end 1.4 -0.65) (layer F.CrtYd) (width 0.05))
    (fp_line (start 1.4 0.65) (end -1.4 0.65) (layer F.CrtYd) (width 0.05))
    (fp_text user %R (at 0 0 90) (layer F.Fab) hide
      (effects (font (size 0.3 0.3) (thickness 0.075)))
    )
    (pad 1 smd rect (at -0.75 0 270) (size 0.8 0.75) (layers F.Cu F.Paste F.Mask)
      (net 9 /VO))
    (pad 2 smd rect (at 0.75 0 270) (size 0.8 0.75) (layers F.Cu F.Paste F.Mask)
      (net 1 GND))
    (model ${KIPRJMOD}/3d/C_0603_1608Metric.step
      (at (xyz 0 0 0))
      (scale (xyz 1 1 1))
      (rotate (xyz 0 0 0))
    )
  )

  (module passive_parts:C_0603 (layer F.Cu) (tedit 6139EEF8) (tstamp 613C5920)
    (at 24.607 33.02 90)
    (descr "Capacitor SMD 0603, reflow soldering, AVX (see smccp.pdf)")
    (tags "capacitor 0603")
    (path /613C36EE)
    (attr smd)
    (fp_text reference C8 (at -2.032 0 90) (layer F.SilkS)
      (effects (font (size 0.9144 0.9144) (thickness 0.1524)))
    )
    (fp_text value 10u (at 0 1.5 90) (layer F.Fab) hide
      (effects (font (size 1 1) (thickness 0.15)))
    )
    (fp_line (start -0.8 0.4) (end -0.8 -0.4) (layer F.Fab) (width 0.1))
    (fp_line (start 0.8 0.4) (end -0.8 0.4) (layer F.Fab) (width 0.1))
    (fp_line (start 0.8 -0.4) (end 0.8 0.4) (layer F.Fab) (width 0.1))
    (fp_line (start -0.8 -0.4) (end 0.8 -0.4) (layer F.Fab) (width 0.1))
    (fp_line (start -0.35 -0.4476) (end 0.35 -0.4476) (layer F.SilkS) (width 0.12))
    (fp_line (start 0.35 0.4476) (end -0.35 0.4476) (layer F.SilkS) (width 0.12))
    (fp_line (start -1.4 -0.65) (end 1.4 -0.65) (layer F.CrtYd) (width 0.05))
    (fp_line (start -1.4 -0.65) (end -1.4 0.65) (layer F.CrtYd) (width 0.05))
    (fp_line (start 1.4 0.65) (end 1.4 -0.65) (layer F.CrtYd) (width 0.05))
    (fp_line (start 1.4 0.65) (end -1.4 0.65) (layer F.CrtYd) (width 0.05))
    (fp_text user %R (at 0 0 90) (layer F.Fab) hide
      (effects (font (size 0.3 0.3) (thickness 0.075)))
    )
    (pad 1 smd rect (at -0.75 0 90) (size 0.8 0.75) (layers F.Cu F.Paste F.Mask)
      (net 2 /Vout))
    (pad 2 smd rect (at 0.75 0 90) (size 0.8 0.75) (layers F.Cu F.Paste F.Mask)
      (net 1 GND))
    (model ${KIPRJMOD}/3d/C_0603_1608Metric.step
      (at (xyz 0 0 0))
      (scale (xyz 1 1 1))
      (rotate (xyz 0 0 0))
    )
  )

  (module passive_parts:C_0603 (layer F.Cu) (tedit 6139EEF8) (tstamp 613C5931)
    (at 26.004 33.02 90)
    (descr "Capacitor SMD 0603, reflow soldering, AVX (see smccp.pdf)")
    (tags "capacitor 0603")
    (path /613C3C5D)
    (attr smd)
    (fp_text reference C9 (at -2.032 0 90) (layer F.SilkS)
      (effects (font (size 0.9144 0.9144) (thickness 0.1524)))
    )
    (fp_text value 10u (at 0 1.5 90) (layer F.Fab) hide
      (effects (font (size 1 1) (thickness 0.15)))
    )
    (fp_line (start 1.4 0.65) (end -1.4 0.65) (layer F.CrtYd) (width 0.05))
    (fp_line (start 1.4 0.65) (end 1.4 -0.65) (layer F.CrtYd) (width 0.05))
    (fp_line (start -1.4 -0.65) (end -1.4 0.65) (layer F.CrtYd) (width 0.05))
    (fp_line (start -1.4 -0.65) (end 1.4 -0.65) (layer F.CrtYd) (width 0.05))
    (fp_line (start 0.35 0.4476) (end -0.35 0.4476) (layer F.SilkS) (width 0.12))
    (fp_line (start -0.35 -0.4476) (end 0.35 -0.4476) (layer F.SilkS) (width 0.12))
    (fp_line (start -0.8 -0.4) (end 0.8 -0.4) (layer F.Fab) (width 0.1))
    (fp_line (start 0.8 -0.4) (end 0.8 0.4) (layer F.Fab) (width 0.1))
    (fp_line (start 0.8 0.4) (end -0.8 0.4) (layer F.Fab) (width 0.1))
    (fp_line (start -0.8 0.4) (end -0.8 -0.4) (layer F.Fab) (width 0.1))
    (fp_text user %R (at 0 0 90) (layer F.Fab) hide
      (effects (font (size 0.3 0.3) (thickness 0.075)))
    )
    (pad 2 smd rect (at 0.75 0 90) (size 0.8 0.75) (layers F.Cu F.Paste F.Mask)
      (net 1 GND))
    (pad 1 smd rect (at -0.75 0 90) (size 0.8 0.75) (layers F.Cu F.Paste F.Mask)
      (net 2 /Vout))
    (model ${KIPRJMOD}/3d/C_0603_1608Metric.step
      (at (xyz 0 0 0))
      (scale (xyz 1 1 1))
      (rotate (xyz 0 0 0))
    )
  )

  (module passive_parts:C_0603 (layer F.Cu) (tedit 6139EEF8) (tstamp 613C5942)
    (at 27.401 33.02 90)
    (descr "Capacitor SMD 0603, reflow soldering, AVX (see smccp.pdf)")
    (tags "capacitor 0603")
    (path /613C45BA)
    (attr smd)
    (fp_text reference C10 (at -2.54 0 90) (layer F.SilkS)
      (effects (font (size 0.9144 0.9144) (thickness 0.1524)))
    )
    (fp_text value 10u (at 0 1.5 90) (layer F.Fab) hide
      (effects (font (size 1 1) (thickness 0.15)))
    )
    (fp_line (start -0.8 0.4) (end -0.8 -0.4) (layer F.Fab) (width 0.1))
    (fp_line (start 0.8 0.4) (end -0.8 0.4) (layer F.Fab) (width 0.1))
    (fp_line (start 0.8 -0.4) (end 0.8 0.4) (layer F.Fab) (width 0.1))
    (fp_line (start -0.8 -0.4) (end 0.8 -0.4) (layer F.Fab) (width 0.1))
    (fp_line (start -0.35 -0.4476) (end 0.35 -0.4476) (layer F.SilkS) (width 0.12))
    (fp_line (start 0.35 0.4476) (end -0.35 0.4476) (layer F.SilkS) (width 0.12))
    (fp_line (start -1.4 -0.65) (end 1.4 -0.65) (layer F.CrtYd) (width 0.05))
    (fp_line (start -1.4 -0.65) (end -1.4 0.65) (layer F.CrtYd) (width 0.05))
    (fp_line (start 1.4 0.65) (end 1.4 -0.65) (layer F.CrtYd) (width 0.05))
    (fp_line (start 1.4 0.65) (end -1.4 0.65) (layer F.CrtYd) (width 0.05))
    (fp_text user %R (at 0 0 90) (layer F.Fab) hide
      (effects (font (size 0.3 0.3) (thickness 0.075)))
    )
    (pad 1 smd rect (at -0.75 0 90) (size 0.8 0.75) (layers F.Cu F.Paste F.Mask)
      (net 2 /Vout))
    (pad 2 smd rect (at 0.75 0 90) (size 0.8 0.75) (layers F.Cu F.Paste F.Mask)
      (net 1 GND))
    (model ${KIPRJMOD}/3d/C_0603_1608Metric.step
      (at (xyz 0 0 0))
      (scale (xyz 1 1 1))
      (rotate (xyz 0 0 0))
    )
  )

  (module passive_parts:C_0603 (layer F.Cu) (tedit 6139EEF8) (tstamp 613C5953)
    (at 28.798 33.02 90)
    (descr "Capacitor SMD 0603, reflow soldering, AVX (see smccp.pdf)")
    (tags "capacitor 0603")
    (path /613C45C5)
    (attr smd)
    (fp_text reference C11 (at -2.54 0 90) (layer F.SilkS)
      (effects (font (size 0.9144 0.9144) (thickness 0.1524)))
    )
    (fp_text value 10u (at 0 1.5 90) (layer F.Fab) hide
      (effects (font (size 1 1) (thickness 0.15)))
    )
    (fp_line (start 1.4 0.65) (end -1.4 0.65) (layer F.CrtYd) (width 0.05))
    (fp_line (start 1.4 0.65) (end 1.4 -0.65) (layer F.CrtYd) (width 0.05))
    (fp_line (start -1.4 -0.65) (end -1.4 0.65) (layer F.CrtYd) (width 0.05))
    (fp_line (start -1.4 -0.65) (end 1.4 -0.65) (layer F.CrtYd) (width 0.05))
    (fp_line (start 0.35 0.4476) (end -0.35 0.4476) (layer F.SilkS) (width 0.12))
    (fp_line (start -0.35 -0.4476) (end 0.35 -0.4476) (layer F.SilkS) (width 0.12))
    (fp_line (start -0.8 -0.4) (end 0.8 -0.4) (layer F.Fab) (width 0.1))
    (fp_line (start 0.8 -0.4) (end 0.8 0.4) (layer F.Fab) (width 0.1))
    (fp_line (start 0.8 0.4) (end -0.8 0.4) (layer F.Fab) (width 0.1))
    (fp_line (start -0.8 0.4) (end -0.8 -0.4) (layer F.Fab) (width 0.1))
    (fp_text user %R (at 0 0 90) (layer F.Fab) hide
      (effects (font (size 0.3 0.3) (thickness 0.075)))
    )
    (pad 2 smd rect (at 0.75 0 90) (size 0.8 0.75) (layers F.Cu F.Paste F.Mask)
      (net 1 GND))
    (pad 1 smd rect (at -0.75 0 90) (size 0.8 0.75) (layers F.Cu F.Paste F.Mask)
      (net 2 /Vout))
    (model ${KIPRJMOD}/3d/C_0603_1608Metric.step
      (at (xyz 0 0 0))
      (scale (xyz 1 1 1))
      (rotate (xyz 0 0 0))
    )
  )

  (module passive_parts:C_0603 (layer F.Cu) (tedit 6139EEF8) (tstamp 613C5964)
    (at 30.195 33.02 90)
    (descr "Capacitor SMD 0603, reflow soldering, AVX (see smccp.pdf)")
    (tags "capacitor 0603")
    (path /613C621B)
    (attr smd)
    (fp_text reference C12 (at -2.54 0 90) (layer F.SilkS)
      (effects (font (size 0.9144 0.9144) (thickness 0.1524)))
    )
    (fp_text value 10u (at 0 1.5 90) (layer F.Fab) hide
      (effects (font (size 1 1) (thickness 0.15)))
    )
    (fp_line (start -0.8 0.4) (end -0.8 -0.4) (layer F.Fab) (width 0.1))
    (fp_line (start 0.8 0.4) (end -0.8 0.4) (layer F.Fab) (width 0.1))
    (fp_line (start 0.8 -0.4) (end 0.8 0.4) (layer F.Fab) (width 0.1))
    (fp_line (start -0.8 -0.4) (end 0.8 -0.4) (layer F.Fab) (width 0.1))
    (fp_line (start -0.35 -0.4476) (end 0.35 -0.4476) (layer F.SilkS) (width 0.12))
    (fp_line (start 0.35 0.4476) (end -0.35 0.4476) (layer F.SilkS) (width 0.12))
    (fp_line (start -1.4 -0.65) (end 1.4 -0.65) (layer F.CrtYd) (width 0.05))
    (fp_line (start -1.4 -0.65) (end -1.4 0.65) (layer F.CrtYd) (width 0.05))
    (fp_line (start 1.4 0.65) (end 1.4 -0.65) (layer F.CrtYd) (width 0.05))
    (fp_line (start 1.4 0.65) (end -1.4 0.65) (layer F.CrtYd) (width 0.05))
    (fp_text user %R (at 0 0 90) (layer F.Fab) hide
      (effects (font (size 0.3 0.3) (thickness 0.075)))
    )
    (pad 1 smd rect (at -0.75 0 90) (size 0.8 0.75) (layers F.Cu F.Paste F.Mask)
      (net 2 /Vout))
    (pad 2 smd rect (at 0.75 0 90) (size 0.8 0.75) (layers F.Cu F.Paste F.Mask)
      (net 1 GND))
    (model ${KIPRJMOD}/3d/C_0603_1608Metric.step
      (at (xyz 0 0 0))
      (scale (xyz 1 1 1))
      (rotate (xyz 0 0 0))
    )
  )

  (module passive_parts:C_0805 (layer F.Cu) (tedit 6139F2BF) (tstamp 613C5975)
    (at 32.735 33.909 180)
    (descr "Capacitor SMD 0805, reflow soldering, AVX (see smccp.pdf)")
    (tags "capacitor 0805")
    (path /613AB13F)
    (attr smd)
    (fp_text reference C13 (at -0.015 -2.413 unlocked) (layer F.SilkS)
      (effects (font (size 0.8636 0.8636) (thickness 0.1524)))
    )
    (fp_text value 10u (at 0 1.75 180 unlocked) (layer F.Fab) hide
      (effects (font (size 1 1) (thickness 0.15)))
    )
    (fp_line (start -1 0.62) (end -1 -0.62) (layer F.Fab) (width 0.1))
    (fp_line (start 1 0.62) (end -1 0.62) (layer F.Fab) (width 0.1))
    (fp_line (start 1 -0.62) (end 1 0.62) (layer F.Fab) (width 0.1))
    (fp_line (start -1 -0.62) (end 1 -0.62) (layer F.Fab) (width 0.1))
    (fp_line (start 0.5 -0.85) (end -0.5 -0.85) (layer F.SilkS) (width 0.12))
    (fp_line (start -0.5 0.85) (end 0.5 0.85) (layer F.SilkS) (width 0.12))
    (fp_line (start -1.75 -0.88) (end 1.75 -0.88) (layer F.CrtYd) (width 0.05))
    (fp_line (start -1.75 -0.88) (end -1.75 0.87) (layer F.CrtYd) (width 0.05))
    (fp_line (start 1.75 0.87) (end 1.75 -0.88) (layer F.CrtYd) (width 0.05))
    (fp_line (start 1.75 0.87) (end -1.75 0.87) (layer F.CrtYd) (width 0.05))
    (fp_text user %R (at 0 -1.5 180 unlocked) (layer F.Fab) hide
      (effects (font (size 1 1) (thickness 0.15)))
    )
    (pad 1 smd rect (at -1 0 180) (size 1 1.25) (layers F.Cu F.Paste F.Mask)
      (net 3 /Vin))
    (pad 2 smd rect (at 1 0 180) (size 1 1.25) (layers F.Cu F.Paste F.Mask)
      (net 1 GND))
    (model ${KIPRJMOD}/3d/C_0805_2012Metric.step
      (at (xyz 0 0 0))
      (scale (xyz 1 1 1))
      (rotate (xyz 0 0 0))
    )
  )

  (module passive_parts:C_0805 (layer F.Cu) (tedit 6139F2BF) (tstamp 613C5986)
    (at 32.735 32.004 180)
    (descr "Capacitor SMD 0805, reflow soldering, AVX (see smccp.pdf)")
    (tags "capacitor 0805")
    (path /613A85A1)
    (attr smd)
    (fp_text reference C14 (at -0.015 -3.302 unlocked) (layer F.SilkS)
      (effects (font (size 0.8636 0.8636) (thickness 0.1524)))
    )
    (fp_text value 10u (at 0 1.75 180 unlocked) (layer F.Fab) hide
      (effects (font (size 1 1) (thickness 0.15)))
    )
    (fp_line (start 1.75 0.87) (end -1.75 0.87) (layer F.CrtYd) (width 0.05))
    (fp_line (start 1.75 0.87) (end 1.75 -0.88) (layer F.CrtYd) (width 0.05))
    (fp_line (start -1.75 -0.88) (end -1.75 0.87) (layer F.CrtYd) (width 0.05))
    (fp_line (start -1.75 -0.88) (end 1.75 -0.88) (layer F.CrtYd) (width 0.05))
    (fp_line (start -0.5 0.85) (end 0.5 0.85) (layer F.SilkS) (width 0.12))
    (fp_line (start 0.5 -0.85) (end -0.5 -0.85) (layer F.SilkS) (width 0.12))
    (fp_line (start -1 -0.62) (end 1 -0.62) (layer F.Fab) (width 0.1))
    (fp_line (start 1 -0.62) (end 1 0.62) (layer F.Fab) (width 0.1))
    (fp_line (start 1 0.62) (end -1 0.62) (layer F.Fab) (width 0.1))
    (fp_line (start -1 0.62) (end -1 -0.62) (layer F.Fab) (width 0.1))
    (fp_text user %R (at 0 -1.5 180 unlocked) (layer F.Fab) hide
      (effects (font (size 1 1) (thickness 0.15)))
    )
    (pad 2 smd rect (at 1 0 180) (size 1 1.25) (layers F.Cu F.Paste F.Mask)
      (net 1 GND))
    (pad 1 smd rect (at -1 0 180) (size 1 1.25) (layers F.Cu F.Paste F.Mask)
      (net 3 /Vin))
    (model ${KIPRJMOD}/3d/C_0805_2012Metric.step
      (at (xyz 0 0 0))
      (scale (xyz 1 1 1))
      (rotate (xyz 0 0 0))
    )
  )

  (module passive_parts:C_0402 (layer F.Cu) (tedit 6139F20D) (tstamp 613C5997)
    (at 32.1 30.48 180)
    (descr "Capacitor SMD 0402 (1005 Metric), square (rectangular) end terminal, IPC_7351 nominal with elongated pad for handsoldering. (Body size source: IPC-SM-782 page 76, https://www.pcb-3d.com/wordpress/wp-content/uploads/ipc-sm-782a_amendment_1_and_2.pdf), generated with kicad-footprint-generator")
    (tags "capacitor handsolder")
    (path /613A6FB0)
    (attr smd)
    (fp_text reference C15 (at -2.159 0 unlocked) (layer F.SilkS)
      (effects (font (size 0.8128 0.8128) (thickness 0.1397)))
    )
    (fp_text value 2.2n (at 0 1.16 180 unlocked) (layer F.Fab) hide
      (effects (font (size 1 1) (thickness 0.15)))
    )
    (fp_line (start -0.5 0.25) (end -0.5 -0.25) (layer F.Fab) (width 0.1))
    (fp_line (start -0.5 -0.25) (end 0.5 -0.25) (layer F.Fab) (width 0.1))
    (fp_line (start 0.5 -0.25) (end 0.5 0.25) (layer F.Fab) (width 0.1))
    (fp_line (start 0.5 0.25) (end -0.5 0.25) (layer F.Fab) (width 0.1))
    (fp_line (start -0.115835 -0.36) (end 0.115835 -0.36) (layer F.SilkS) (width 0.12))
    (fp_line (start -0.115835 0.36) (end 0.115835 0.36) (layer F.SilkS) (width 0.12))
    (fp_line (start -1.08 0.46) (end -1.08 -0.46) (layer F.CrtYd) (width 0.05))
    (fp_line (start -1.08 -0.46) (end 1.08 -0.46) (layer F.CrtYd) (width 0.05))
    (fp_line (start 1.08 -0.46) (end 1.08 0.46) (layer F.CrtYd) (width 0.05))
    (fp_line (start 1.08 0.46) (end -1.08 0.46) (layer F.CrtYd) (width 0.05))
    (fp_text user %R (at 0 0) (layer F.Fab)
      (effects (font (size 0.25 0.25) (thickness 0.04)))
    )
    (pad 1 smd roundrect (at -0.5675 0 180) (size 0.735 0.62) (layers F.Cu F.Paste F.Mask) (roundrect_rratio 0.25)
      (net 3 /Vin))
    (pad 2 smd roundrect (at 0.5675 0 180) (size 0.735 0.62) (layers F.Cu F.Paste F.Mask) (roundrect_rratio 0.25)
      (net 1 GND))
    (model ${KIPRJMOD}/3d/C_0402_1005Metric.step
      (at (xyz 0 0 0))
      (scale (xyz 1 1 1))
      (rotate (xyz 0 0 0))
    )
  )

  (module passive_parts:C_0603 (layer F.Cu) (tedit 6139EEF8) (tstamp 613C59B9)
    (at 21.559 33.02 90)
    (descr "Capacitor SMD 0603, reflow soldering, AVX (see smccp.pdf)")
    (tags "capacitor 0603")
    (path /613C0710)
    (attr smd)
    (fp_text reference FB1 (at -2.54 0 90) (layer F.SilkS)
      (effects (font (size 0.9144 0.9144) (thickness 0.1524)))
    )
    (fp_text value 10n (at 0 1.5 90) (layer F.Fab) hide
      (effects (font (size 1 1) (thickness 0.15)))
    )
    (fp_line (start 1.4 0.65) (end -1.4 0.65) (layer F.CrtYd) (width 0.05))
    (fp_line (start 1.4 0.65) (end 1.4 -0.65) (layer F.CrtYd) (width 0.05))
    (fp_line (start -1.4 -0.65) (end -1.4 0.65) (layer F.CrtYd) (width 0.05))
    (fp_line (start -1.4 -0.65) (end 1.4 -0.65) (layer F.CrtYd) (width 0.05))
    (fp_line (start 0.35 0.4476) (end -0.35 0.4476) (layer F.SilkS) (width 0.12))
    (fp_line (start -0.35 -0.4476) (end 0.35 -0.4476) (layer F.SilkS) (width 0.12))
    (fp_line (start -0.8 -0.4) (end 0.8 -0.4) (layer F.Fab) (width 0.1))
    (fp_line (start 0.8 -0.4) (end 0.8 0.4) (layer F.Fab) (width 0.1))
    (fp_line (start 0.8 0.4) (end -0.8 0.4) (layer F.Fab) (width 0.1))
    (fp_line (start -0.8 0.4) (end -0.8 -0.4) (layer F.Fab) (width 0.1))
    (fp_text user %R (at 0 0 90) (layer F.Fab) hide
      (effects (font (size 0.3 0.3) (thickness 0.075)))
    )
    (pad 2 smd rect (at 0.75 0 90) (size 0.8 0.75) (layers F.Cu F.Paste F.Mask)
      (net 9 /VO))
    (pad 1 smd rect (at -0.75 0 90) (size 0.8 0.75) (layers F.Cu F.Paste F.Mask)
      (net 2 /Vout))
    (model ${KIPRJMOD}/3d/C_0603_1608Metric.step
      (at (xyz 0 0 0))
      (scale (xyz 1 1 1))
      (rotate (xyz 0 0 0))
    )
  )

  (module connector:SIL-5 (layer F.Cu) (tedit 613A026F) (tstamp 613C852B)
    (at 27.75 38.75 180)
    (path /613DD0C9)
    (fp_text reference J1 (at 0 -2.032) (layer F.SilkS) hide
      (effects (font (size 1.016 1.016) (thickness 0.1778)))
    )
    (fp_text value Conn_01x05 (at 0 2.54) (layer F.SilkS) hide
      (effects (font (size 1.016 1.016) (thickness 0.1778)))
    )
    (fp_line (start -6.35 1.27) (end -6.35 -1.27) (layer F.Fab) (width 0.3048))
    (fp_line (start -6.35 -1.27) (end 6.35 -1.27) (layer F.Fab) (width 0.3048))
    (fp_line (start 6.35 -1.27) (end 6.35 1.27) (layer F.Fab) (width 0.3048))
    (fp_line (start 6.35 1.27) (end -6.35 1.27) (layer F.Fab) (width 0.3048))
    (pad 1 thru_hole circle (at -5.08 0 180) (size 1.6 1.6) (drill 1.02) (layers *.Cu *.Mask)
      (net 3 /Vin))
    (pad 2 thru_hole circle (at -2.54 0 180) (size 1.6 1.6) (drill 1.02) (layers *.Cu *.Mask)
      (net 1 GND))
    (pad 3 thru_hole circle (at 0 0 180) (size 1.6 1.6) (drill 1.02) (layers *.Cu *.Mask)
      (net 2 /Vout))
    (pad 4 thru_hole circle (at 2.54 0 180) (size 1.6 1.6) (drill 1.02) (layers *.Cu *.Mask)
      (net 5 /EN))
    (pad 5 thru_hole circle (at 5.08 0 180) (size 1.6 1.6) (drill 1.02) (layers *.Cu *.Mask)
      (net 6 /PG))
  )

  (module Jumper:SolderJumper-2_P1.3mm_Bridged_RoundedPad1.0x1.5mm (layer B.Cu) (tedit 5C745284) (tstamp 613C59D9)
    (at 32.481 28.433 270)
    (descr "SMD Solder Jumper, 1x1.5mm, rounded Pads, 0.3mm gap, bridged with 1 copper strip")
    (tags "solder jumper open")
    (path /613A1AD2)
    (attr virtual)
    (fp_text reference JP1 (at 0 1.8 90) (layer B.SilkS)
      (effects (font (size 0.9144 0.9144) (thickness 0.1524)) (justify mirror))
    )
    (fp_text value SolderJumper_2_Bridged (at 0 -1.9 90) (layer B.Fab) hide
      (effects (font (size 1 1) (thickness 0.15)) (justify mirror))
    )
    (fp_line (start -1.4 -0.3) (end -1.4 0.3) (layer B.SilkS) (width 0.12))
    (fp_line (start 0.7 -1) (end -0.7 -1) (layer B.SilkS) (width 0.12))
    (fp_line (start 1.4 0.3) (end 1.4 -0.3) (layer B.SilkS) (width 0.12))
    (fp_line (start -0.7 1) (end 0.7 1) (layer B.SilkS) (width 0.12))
    (fp_line (start -1.65 1.25) (end 1.65 1.25) (layer B.CrtYd) (width 0.05))
    (fp_line (start -1.65 1.25) (end -1.65 -1.25) (layer B.CrtYd) (width 0.05))
    (fp_line (start 1.65 -1.25) (end 1.65 1.25) (layer B.CrtYd) (width 0.05))
    (fp_line (start 1.65 -1.25) (end -1.65 -1.25) (layer B.CrtYd) (width 0.05))
    (fp_poly (pts (xy 0.25 0.3) (xy -0.25 0.3) (xy -0.25 -0.3) (xy 0.25 -0.3)) (layer B.Cu) (width 0))
    (fp_arc (start 0.7 0.3) (end 1.4 0.3) (angle 90) (layer B.SilkS) (width 0.12))
    (fp_arc (start 0.7 -0.3) (end 0.7 -1) (angle 90) (layer B.SilkS) (width 0.12))
    (fp_arc (start -0.7 -0.3) (end -1.4 -0.3) (angle 90) (layer B.SilkS) (width 0.12))
    (fp_arc (start -0.7 0.3) (end -0.7 1) (angle 90) (layer B.SilkS) (width 0.12))
    (pad 2 smd custom (at 0.65 0 270) (size 1 0.5) (layers B.Cu B.Mask)
      (net 3 /Vin) (zone_connect 2)
      (options (clearance outline) (anchor rect))
      (primitives
        (gr_circle (center 0 -0.25) (end 0.5 -0.25) (width 0))
        (gr_circle (center 0 0.25) (end 0.5 0.25) (width 0))
        (gr_poly (pts
           (xy 0 0.75) (xy -0.5 0.75) (xy -0.5 -0.75) (xy 0 -0.75)) (width 0))
      ))
    (pad 1 smd custom (at -0.65 0 270) (size 1 0.5) (layers B.Cu B.Mask)
      (net 5 /EN) (zone_connect 2)
      (options (clearance outline) (anchor rect))
      (primitives
        (gr_circle (center 0 -0.25) (end 0.5 -0.25) (width 0))
        (gr_circle (center 0 0.25) (end 0.5 0.25) (width 0))
        (gr_poly (pts
           (xy 0 0.75) (xy 0.5 0.75) (xy 0.5 -0.75) (xy 0 -0.75)) (width 0))
      ))
  )

  (module inductor_SWPA:SWPA-2020 (layer F.Cu) (tedit 6139C6D0) (tstamp 613C59EA)
    (at 30.75 24 180)
    (descr "Inductor, Taiyo Yuden, MD series, Taiyo-Yuden_MD-2020, 2.0mmx2.0mm")
    (tags "inductor taiyo-yuden md smd")
    (path /6138C216)
    (attr smd)
    (fp_text reference L1 (at -4.144 -1.781 180) (layer F.SilkS)
      (effects (font (size 0.889 0.889) (thickness 0.1524)))
    )
    (fp_text value 2.2u (at 0 3.25 180 unlocked) (layer F.Fab) hide
      (effects (font (size 1 1) (thickness 0.15)))
    )
    (fp_line (start 2.75 -2.75) (end -2.75 -2.75) (layer F.CrtYd) (width 0.05))
    (fp_line (start 2.75 2.75) (end 2.75 -2.75) (layer F.CrtYd) (width 0.05))
    (fp_line (start -2.75 2.75) (end 2.75 2.75) (layer F.CrtYd) (width 0.05))
    (fp_line (start -2.75 -2.75) (end -2.75 2.75) (layer F.CrtYd) (width 0.05))
    (fp_line (start -2 2.6) (end 2 2.6) (layer F.SilkS) (width 0.12))
    (fp_line (start -2 -2.6) (end 2 -2.6) (layer F.SilkS) (width 0.12))
    (fp_line (start 2.5 -2.5) (end -2.5 -2.5) (layer F.Fab) (width 0.1))
    (fp_line (start 2.5 2.5) (end 2.5 -2.5) (layer F.Fab) (width 0.1))
    (fp_line (start -2.5 2.5) (end 2.5 2.5) (layer F.Fab) (width 0.1))
    (fp_line (start -2.5 -2.5) (end -2.5 2.5) (layer F.Fab) (width 0.1))
    (fp_text user %R (at 0 0) (layer F.Fab)
      (effects (font (size 0.5 0.5) (thickness 0.075)))
    )
